Date:16/05/23 10:43:54

TIME               |SQL_ID       |PLAN_HASH_VALUE|OLD_HASH_VALUE|HASH_VALUE|EXECUTIONS|DISK_READS|BUFFER_GETS|ROWS_PROCESSED|  CPU_TIME|ELAPSED_TIME|COMMAND_TYPE|MODULE
2016/05/23 10:43:54|10s3r3f17ccu3|      805044450|    3124393766|2188784451|         4|         0|       1141|           196|   .011996|      .01218|           7|
2016/05/23 10:43:54|9g8cfpw8dr3mc|     4093451800|    2127188590| 282824300|         5|         1|       1610|           769|   .409935|     .538009|           2|SQL*Plus
2016/05/23 10:43:54|45h233mys5n3s|      815229885|              |          |         1|         0|       1097|            75|   .014997|     .015296|           6|
2016/05/23 10:43:54|7r7twx8dzdd8r|     3520023087|    4061365063| 469153047|         1|         0|       1754|             2|   .061992|     .062369|           2|SQL*Plus
2016/05/23 10:43:54|925d7dd714u48|     3102754926|    1969545765|1309829256|         8|       103|       6020|          6160|   .105983|      .28695|           2|SQL*Plus
2016/05/23 10:43:54|79vddxwy7qz3b|     2777215027|    2062679279|1014725739|         3|         0|         79|            18|      .005|     .007003|           3|
2016/05/23 10:43:54|1rac8z6n21f14|     1229549526|              |          |         1|         0|          2|             1|         0|     .000083|           3|
2016/05/23 10:43:54|a6ygk0r9s5xuj|     3402699465|    3346485941|3548575569|        60|         0|       3480|             0|   .115987|     .135701|           3|
2016/05/23 10:43:54|00zqy3yd0r3p3|              0|    4040331333|2584448675|         4|         0|          0|             0|         0|     .000392|          26|
2016/05/23 10:43:54|0w26sk6t6gq98|     1388734953|     571237433|2993150248|         4|       153|      16231|             4|  2.931555|    4.011349|           3|MMON_SLAVE
2016/05/23 10:43:54|5ms6rbzdnq16t|     4032630273|    1178168971|3679126745|       120|         0|        240|             0|   .013997|     .024725|           3|
2016/05/23 10:43:54|5k5207588w9ry|     1388734953|              |          |         2|        98|       3565|             2|  1.153825|    1.322871|           3|MMON_SLAVE
2016/05/23 10:43:54|3ypcc0jwu2wxr|     4116980629|     253958755|2040624055|         4|         0|         12|             0|         0|     .000423|           7|
2016/05/23 10:43:54|grwydz59pu6mc|     3684871272|    3468666020|1398610540|       139|         0|        280|           139|   .011998|     .012909|           3|
2016/05/23 10:43:54|cgtc5gb7c4g07|      856063356|    1855295302|3468835847|        60|         0|        420|            60|   .010999|     .011381|           3|
2016/05/23 10:43:54|7r7twx8dzdd8r|      751106523|    4061365063| 469153047|         3|         0|       5238|             9|   .138979|     .139517|           2|SQL*Plus
2016/05/23 10:43:54|1gfaj4z5hn1kf|     1110520934|              |          |        68|         0|        204|             0|      .012|     .009246|           7|
2016/05/23 10:43:54|0vcs754gpmxrc|     4255648719|              |          |         2|        22|        321|             2|   .044994|     .082028|           3|MMON_SLAVE
2016/05/23 10:43:54|d2tvgg49y2ap6|     2239723829|              |          |         2|        28|        142|             2|   .154977|     .182541|           3|MMON_SLAVE
2016/05/23 10:43:54|dvzr1zfmdddga|     3652932668|    1700409803|2799089130|         8|       102|       5553|          9424|   .323949|     .560714|           2|SQL*Plus
2016/05/23 10:43:54|dfffkcnqfystw|      850292968|    2459791420| 753886012|         4|       142|      14970|             4|  2.713588|    3.660321|           3|MMON_SLAVE
2016/05/23 10:43:54|146rxqax0mky6|      105323984|              |          |         2|         0|         12|             2|         0|     .000417|           6|DBMS_SCHEDULER
2016/05/23 10:43:54|asvzxj61dc5vs|     3028786551|    2018736380|2195068792|       117|         0|        279|            42|   .008999|     .008438|           3|
2016/05/23 10:43:54|6wm3n4d7bnddg|     1045412740|              |          |         1|         0|        113|             3|      .002|      .00165|           3|
2016/05/23 10:43:54|10t5qpqad0n9r|     1197393184|              |          |         1|         0|        148|             0|   .188971|     .192799|           3|SQL*Plus
2016/05/23 10:43:54|7kmbrw7q8hn4g|              0|    1013070799|3968356495|        60|         0|       4680|            60|    .32795|     .335783|          47|
2016/05/23 10:43:54|1rpgk59t8pvs6|              0|              |          |       132|         0|          0|           132|   .008998|     .007097|          47|
2016/05/23 10:43:54|a0f4b110qtm42|      960246655|              |          |         1|         0|   32653269|           156| 25.018196|     25.3479|           3|SQL*Plus
2016/05/23 10:43:54|4kvhga64b6wah|      272820068|              |          |         2|        16|        227|             2|   .025995|     .056497|           3|MMON_SLAVE
2016/05/23 10:43:54|a2svzc1285tvc|     3409938989|              |          |         1|         1|         13|             4|      .001|     .000293|           2|
2016/05/23 10:43:54|81xx1aq3d6jy0|              0|     366333347|2261993408|         3|        99|      10030|             3|  1.184819|    1.381859|          47|SQL*Plus
2016/05/23 10:43:54|cyz7q9n00p23a|       61158906|    3545384952|    690282|         4|         0|         16|             4|      .001|       .0008|           6|
2016/05/23 10:43:54|a6r5q9yqaqabs|      140787661|    1512023764|2896898424|        76|         0|        310|             0|   .014996|     .011125|           3|
2016/05/23 10:43:54|20vv6ttajyjzq|       98232196|              |          |        68|         0|        172|             0|   .007997|     .006042|           7|
2016/05/23 10:43:54|aykvshm7zsabd|     1829585422|      87488304|3489409389|       120|         0|          0|          2400|   .458924|     .451042|           3|
2016/05/23 10:43:54|10s3r3f17ccu3|     3469818654|    3124393766|2188784451|         0|         0|          0|             0|         0|           0|           7|
2016/05/23 10:43:54|7tchj0bmt6tn1|     1660022729|    1667038016|3885196929|         4|        11|       1809|             4|    .26196|     .484159|           3|MMON_SLAVE
2016/05/23 10:43:54|616m6uhpa2usu|     3455736973|    2601358618| 715221786|         0|         0|          0|             0|         0|           0|           3|
2016/05/23 10:43:54|11dxc6vpx5z4n|     4102363271|    1629027619|3956472980|         8|        60|       5352|          4490|   .117985|     .754692|           2|SQL*Plus
2016/05/23 10:43:54|0b0wj2ykgnnzg|              0|              |          |         4|         0|          0|             0|      .001|     .000331|          26|
2016/05/23 10:43:54|d9vzav10pcpfh|       38951289|    1382506642|1096177104|        60|         0|       2340|            60|   .065988|     .079937|           3|
2016/05/23 10:43:54|3c1kubcdjnppq|      477378112|    3665763022| 454710966|       841|         0|       2755|           811|   .080986|     .081933|           6|
2016/05/23 10:43:54|3y6pgnk2ubw7g|              0|              |          |        74|         0|        456|            74|   .008998|     .006338|           2|
2016/05/23 10:43:54|2m7ax0c761q1q|     3626211693|     200228473| 241227830|         4|         0|          4|             0|         0|      .00054|           7|
2016/05/23 10:43:54|2v020gypqk8pb|     1211894609|      41415173|2875794091|         8|         2|        205|             8|    .40094|     .437602|           2|SQL*Plus
2016/05/23 10:43:54|aahsjvcnr3swn|     2100315417|    3204867902| 695329684|         0|         0|          0|             0|         0|           0|         189|
2016/05/23 10:43:54|8mdz49zkajhw3|     2609763588|    2239010570|3836265347|         4|        12|        247|           118|   .989851|    1.041072|           3|MMON_SLAVE
2016/05/23 10:43:54|2nyp6grduvmh4|      960246655|              |          |         1|         0|   35692953|           132| 26.461977|   26.752988|           3|SQL*Plus
2016/05/23 10:43:54|7mhq1834c9nza|     2679568371|    1321468652|3368342506|        60|         0|         60|            60|   .004999|     .005115|           3|
2016/05/23 10:43:54|719qpgsc28an3|      259631266|    3202841170| 405023363|         4|         0|         92|            26|      .002|     .001684|           7|
2016/05/23 10:43:54|82x09q10pza8m|       31973352|     195971808|1096788243|         8|         2|        450|             8|   .432935|     .489047|           2|SQL*Plus
2016/05/23 10:43:54|10n4ygmgzmn7n|     3764503091|    1580262155|3757691124|         6|         0|     569344|           206|  1.001849|    1.021855|           3|SQL*Plus
2016/05/23 10:43:54|bc7306m40k5tw|              0|    2435229694|3356038972|         5|       540|      68365|             5|  5.437175|    10.38442|          47|SQL*Plus
2016/05/23 10:43:54|3un99a0zwp4vd|     1475428744|    2824870641|1070240621|       159|        27|       1258|           248|   .042991|      .26484|           3|
2016/05/23 10:43:54|3za5u1vmpa2zj|     1420324969|              |          |         2|        16|        354|             2|   .027997|     .056203|           3|MMON_SLAVE
2016/05/23 10:43:54|616m6uhpa2usu|     2542797530|    2601358618| 715221786|       129|         2|        941|           141|   .050992|     .069944|           3|
2016/05/23 10:43:54|5s34t44u10q4g|     2693539438|              |          |         1|         0|          4|             1|   .000999|     .000144|           3|
2016/05/23 10:43:54|gdtyuqcyk8x1c|     2236229349|              |          |        60|         0|         60|             0|      .005|     .006281|           3|
2016/05/23 10:43:54|9babjv8yq8ru3|              0|    1307714173|1029988163|       774|         0|         64|           774|   .040996|      .13516|          47|SQL*Plus
2016/05/23 10:43:54|7c8atqwfj5ffz|      960246655|              |          |         1|         0|   39813241|           145|  28.34969|   28.665324|           3|SQL*Plus
2016/05/23 10:43:54|bb926a5dcb8kr|     3530933756|              |          |       222|         0|       1998|           222|   .039994|     .038453|         189|
2016/05/23 10:43:54|7d0ffav06dqyd|      898495764|    3493180880|3227966413|         3|         0|         39|             0|   .002999|      .00302|           3|
2016/05/23 10:43:54|d2tjms4f6tt9v|     2025731723|    2783330933| 476898619|         5|         1|      16347|          3902|   .995849|    1.241925|           2|SQL*Plus
2016/05/23 10:43:54|by0pwtsfcc786|      448101493|    3304543689| 482745606|         5|         4|       3845|          1362|   .146977|     .343616|           2|SQL*Plus
2016/05/23 10:43:54|c4cr75ud9ujvg|      310481917|    3337326130|2593998703|        60|         0|        180|             0|   .007998|     .008317|           3|
2016/05/23 10:43:54|gdn3ysuyssf82|     4024720576|              |          |         1|         0|          2|             1|         0|     .000097|           3|
2016/05/23 10:43:54|aksaf74grz97n|     2133386033|              |          |         2|         0|          0|             2|    .06499|     .065792|           3|MMON_SLAVE
2016/05/23 10:43:54|4phvdvx32a3mf|              0|      47479002|1176833646|        60|         0|       8100|            60|   .300958|     .321847|          47|
2016/05/23 10:43:54|dkr6jvkfbaw2a|     3314469322|    4114533760|2629136458|         8|         7|        604|           856|   .307954|     .377695|           2|SQL*Plus
2016/05/23 10:43:54|49s332uhbnsma|              0|              |          |       104|         0|          0|           104|   .025996|     .023989|          47|
2016/05/23 10:43:54|bs0audcmypyht|     1197393184|              |          |         1|         0|        183|             0|   .212967|     .215707|           3|SQL*Plus
2016/05/23 10:43:54|04kug40zbu4dm|     4006480256|    3146063334|1052578227|       348|         0|       3179|             0|   .050994|     .048891|           3|
2016/05/23 10:43:54|07n9yv8rac2qq|     3156979970|     109877359| 782633686|        60|         0|        180|             0|   .008997|     .013705|           6|
2016/05/23 10:43:54|00ajuu5902429|     4174456035|     796617420|1375801417|         4|         0|        422|            52|   .011999|     .012161|         189|
2016/05/23 10:43:54|g9pu3v9m3q9zm|     1150104259|              |          |         1|         0|         16|             0|      .001|     .000388|           6|
2016/05/23 10:43:54|7r7twx8dzdd8r|     3584236047|    4061365063| 469153047|         1|         1|       2504|           147|   .142979|     .185124|           2|SQL*Plus
2016/05/23 10:43:54|fq3f1vdv581ds|     2056653074|    3993970936|1985217976|       120|         0|       4440|           120|   .091987|     .091316|           3|
2016/05/23 10:43:54|fhf8upax5cxsz|              0|    1141143835|3126228767|         6|       254|      21167|             6|  4.263352|    5.598784|          47|MMON_SLAVE
2016/05/23 10:43:54|0v3dvmc22qnam|              0|    2322535947|  69947731|        30|         0|        140|            30|   .010998|     .012188|           2|
2016/05/23 10:43:54|djnnr0m5tvun5|      960246655|              |          |         1|         0|   32835961|           150| 24.022349|   24.200001|           3|SQL*Plus
2016/05/23 10:43:54|aahsjvcnr3swn|     3333963020|    3204867902| 695329684|         4|         0|        672|           196|      .013|     .012759|         189|
2016/05/23 10:43:54|8swypbbr0m372|      570326988|    1198893840|3993603298|       159|        26|        663|           154|   .021997|     .163107|           3|
2016/05/23 10:43:54|b6tuwgftkr5n5|     1197393184|              |          |         1|        16|       1234|             0|   .224966|     .260139|           3|SQL*Plus
2016/05/23 10:43:54|6qz82dptj0qr7|     2819763574|    1232162599|1930451687|        69|         0|        215|             6|      .002|     .004616|           3|
2016/05/23 10:43:54|541hf5zv10j1g|     4251079580|              |          |         1|         0|          3|             1|      .001|     .000141|           3|
2016/05/23 10:43:54|grjtn5w5y8jfj|     1388734953|              |          |         2|        28|        824|             2|   .174974|     .226721|           3|MMON_SLAVE
2016/05/23 10:43:54|cb21bacyh3c7d|     3452538079|    2232614812|1023521005|        73|         0|        197|            73|   .008998|      .01364|           3|
2016/05/23 10:43:54|frjd8zfy2jfdq|      987782979|    3937862827|3156785590|        68|         0|          0|            68|   .013997|     .013571|           3|
2016/05/23 10:43:54|c8gnrhxma4tas|     4024720576|              |          |         1|         0|          2|             1|         0|     .000082|           3|
2016/05/23 10:43:54|7qst2kv4mtkv5|      898495764|    1719047069|3376204645|         3|         0|         30|             0|      .003|     .002006|           3|
2016/05/23 10:43:54|32qq8k1n8ynn9|     1208317184|    3298852453|1754223241|        12|         0|      17160|            12|    .18097|     .181935|           3|
2016/05/23 10:43:54|dnhdv2yuma39z|     3295276606|    1921203886|3040152895|         8|         8|        736|             0|   .171974|     .252392|           2|SQL*Plus
2016/05/23 10:43:54|5u82shydxz2ff|     3725017225|    1221782610|2615118286|         8|        37|       3084|          2105|   .814876|    1.369685|           2|SQL*Plus
2016/05/23 10:43:54|69k5bhm12sz98|     3091659676|              |          |         2|         0|         12|             2|         0|     .000256|           3|
2016/05/23 10:43:54|5yhxd1urrkq31|     4195603884|    3271175026|2943965281|         8|        46|       2566|          3144|   .160975|     .373715|           2|SQL*Plus
2016/05/23 10:43:54|fg4skgcja2cyj|     1186311642|    2310915454| 580989905|         3|         2|        785|           135|   .163976|     .294233|           3|MMON_SLAVE
